x = [1 1 1
     0 1 2
     1 1 0];
m = x ~= 0;
z = x ~= 2;
n = z & m;

n